ITU_R_468 = [31.5 -29.9;
    63 -23.9;
    100 -19.8;
    200 -13.8;
    400 -7.8;
    800 -1.9;
    1000 0;
    2000 5.6;
    3150 9;
    4000 10.5;
    5000 11.7;
    6300 12.2;
    7100 12;
    8000 11.4;
    9000 10.1;
    10000 8.1;
    12500 0;
    14000 -5.3;
    16000 -11.7;
    20000 -22.2;
    31500 -42.7];